TYPE;CODE;NAME;SHEETS
TRACT;13121000100;1;3
TRACT;13121000200;2;3
TRACT;13121000400;4;3
TRACT;13121000500;5;3
TRACT;13121000600;6;3
TRACT;13121000700;7;3
TRACT;13121001001;10.01;3
TRACT;13121001002;10.02;3
TRACT;13121001100;11;3
TRACT;13121001201;12.01;3
TRACT;13121001202;12.02;3
TRACT;13121001300;13;3
TRACT;13121001400;14;3
TRACT;13121001500;15;3
TRACT;13121001600;16;3
TRACT;13121001700;17;3
TRACT;13121001800;18;3
TRACT;13121001900;19;3
TRACT;13121002100;21;3
TRACT;13121002300;23;3
TRACT;13121002400;24;3
TRACT;13121002500;25;3
TRACT;13121002600;26;3
TRACT;13121002800;28;3
TRACT;13121002900;29;3
TRACT;13121003000;30;3
TRACT;13121003100;31;3
TRACT;13121003200;32;3
TRACT;13121003500;35;3
TRACT;13121003600;36;3
TRACT;13121003700;37;3
TRACT;13121003800;38;3
TRACT;13121003900;39;3
TRACT;13121004000;40;3
TRACT;13121004100;41;3
TRACT;13121004200;42;3
TRACT;13121004300;43;3
TRACT;13121004400;44;3
TRACT;13121004800;48;3
TRACT;13121004900;49;3
TRACT;13121005000;50;3
TRACT;13121005200;52;3
TRACT;13121005300;53;3
TRACT;13121005501;55.01;3
TRACT;13121005502;55.02;3
TRACT;13121005700;57;3
TRACT;13121005800;58;3
TRACT;13121006000;60;3
TRACT;13121006100;61;3
TRACT;13121006200;62;3
TRACT;13121006300;63;3
TRACT;13121006400;64;3
TRACT;13121006500;65;3
TRACT;13121006601;66.01;3
TRACT;13121006602;66.02;3
TRACT;13121006700;67;3
TRACT;13121006801;68.01;3
TRACT;13121006802;68.02;3
TRACT;13121006900;69;3
TRACT;13121007001;70.01;3
TRACT;13121007002;70.02;3
TRACT;13121007100;71;3
TRACT;13121007200;72;3
TRACT;13121007300;73;3
TRACT;13121007400;74;3
TRACT;13121007500;75;3
TRACT;13121007602;76.02;2,3
TRACT;13121007603;76.03;3
TRACT;13121007604;76.04;2,3
TRACT;13121007703;77.03;2
TRACT;13121007704;77.04;2,3
TRACT;13121007705;77.05;2
TRACT;13121007706;77.06;2
TRACT;13121007802;78.02;2
TRACT;13121007805;78.05;2
TRACT;13121007806;78.06;2
TRACT;13121007807;78.07;2
TRACT;13121007808;78.08;2
TRACT;13121007900;79;2,3
TRACT;13121008000;80;2,3
TRACT;13121008101;81.01;3
TRACT;13121008102;81.02;2,3
TRACT;13121008201;82.01;2,3
TRACT;13121008202;82.02;2
TRACT;13121008301;83.01;3
TRACT;13121008302;83.02;3
TRACT;13121008400;84;3
TRACT;13121008500;85;3
TRACT;13121008601;86.01;2,3
TRACT;13121008602;86.02;2,3
TRACT;13121008700;87;2,3
TRACT;13121008800;88;2,3
TRACT;13121008902;89.02;3
TRACT;13121008903;89.03;3
TRACT;13121008904;89.04;3
TRACT;13121009000;90;3
TRACT;13121009101;91.01;3
TRACT;13121009102;91.02;3
TRACT;13121009200;92;3
TRACT;13121009300;93;3
TRACT;13121009402;94.02;3
TRACT;13121009403;94.03;3
TRACT;13121009404;94.04;1,3
TRACT;13121009501;95.01;3
TRACT;13121009502;95.02;1,3
TRACT;13121009601;96.01;1,3
TRACT;13121009602;96.02;1,3
TRACT;13121009603;96.03;3
TRACT;13121009700;97;1,3
TRACT;13121009801;98.01;1,3
TRACT;13121009802;98.02;1
TRACT;13121009900;99;1,3
TRACT;13121010001;100.01;1,3
TRACT;13121010002;100.02;1
TRACT;13121010106;101.06;1
TRACT;13121010107;101.07;1
TRACT;13121010108;101.08;1
TRACT;13121010110;101.10;1
TRACT;13121010113;101.13;1
TRACT;13121010114;101.14;1
TRACT;13121010115;101.15;1
TRACT;13121010117;101.17;1
TRACT;13121010118;101.18;1
TRACT;13121010119;101.19;1
TRACT;13121010120;101.20;1
TRACT;13121010121;101.21;1
TRACT;13121010122;101.22;1
TRACT;13121010123;101.23;1
TRACT;13121010204;102.04;1
TRACT;13121010205;102.05;1
TRACT;13121010206;102.06;1
TRACT;13121010208;102.08;1
TRACT;13121010209;102.09;1
TRACT;13121010210;102.10;1
TRACT;13121010211;102.11;1
TRACT;13121010212;102.12;1
TRACT;13121010301;103.01;2
TRACT;13121010303;103.03;2
TRACT;13121010304;103.04;2
TRACT;13121010400;104;2
TRACT;13121010507;105.07;2,3
TRACT;13121010508;105.08;2,3
TRACT;13121010510;105.10;2
TRACT;13121010511;105.11;2
TRACT;13121010512;105.12;2
TRACT;13121010513;105.13;2
TRACT;13121010514;105.14;2
TRACT;13121010515;105.15;2,3
TRACT;13121010516;105.16;2,3
TRACT;13121010601;106.01;3
TRACT;13121010603;106.03;2,3
TRACT;13121010604;106.04;2,3
TRACT;13121010800;108;3
TRACT;13121011000;110;3
TRACT;13121011100;111;3
TRACT;13121011201;112.01;3
TRACT;13121011202;112.02;3
TRACT;13121011301;113.01;2,3
TRACT;13121011303;113.03;2,3
TRACT;13121011305;113.05;2
TRACT;13121011306;113.06;2
TRACT;13121011405;114.05;1
TRACT;13121011410;114.10;1
TRACT;13121011411;114.11;1
TRACT;13121011412;114.12;1
TRACT;13121011414;114.14;1
TRACT;13121011416;114.16;1
TRACT;13121011417;114.17;1
TRACT;13121011418;114.18;1
TRACT;13121011419;114.19;1
TRACT;13121011420;114.20;1
TRACT;13121011421;114.21;1
TRACT;13121011422;114.22;1
TRACT;13121011423;114.23;1
TRACT;13121011424;114.24;1
TRACT;13121011425;114.25;1
TRACT;13121011426;114.26;1
TRACT;13121011427;114.27;1
TRACT;13121011503;115.03;1
TRACT;13121011504;115.04;1
TRACT;13121011505;115.05;1
TRACT;13121011506;115.06;1
TRACT;13121011610;116.10;1
TRACT;13121011611;116.11;1
TRACT;13121011612;116.12;1
TRACT;13121011613;116.13;1
TRACT;13121011614;116.14;1
TRACT;13121011615;116.15;1
TRACT;13121011616;116.16;1
TRACT;13121011617;116.17;1
TRACT;13121011618;116.18;1
TRACT;13121011619;116.19;1
TRACT;13121011620;116.20;1
TRACT;13121011621;116.21;1
TRACT;13121011622;116.22;1
TRACT;13121011623;116.23;1
TRACT;13121011624;116.24;1
TRACT;13121011625;116.25;1
TRACT;13121011626;116.26;1
TRACT;13121011800;118;3
TRACT;13121011900;119;3
TRACT;13121012000;120;3
TRACT;13121012300;123;3
TRACT;13121980000;9800;3
